7 31060 43322 66595 2825
12 107742 64277 13840 90538
10 60597 19221 37577 39991
10 95660 54297 29811 93569
11 47975 26932 80541 28513
9 42539 6016 32049 10936
9 37939 61726 46801 13483
18 60530 28177 7593 21155
11 10257 108550 73261 2199
15 130490 124673 39546 91843
10 43421 33344 8069 73894
8 67942 63176 16950 23986
10 23732 20052 58769 97753
16 112125 64374 4953 110591
10 16936 73094 56298 6686
13 19767 124694 17953 48400
4 15941 16468 17432 10114
10 18082 80761 63992 9139
10 75241 12642 40422 60557
4 15930 3067 13054 30729
5 11616 32360 31843 4790
6 48914 45063 50157 59248
13 75024 80960 70187 118934
15 49477 66621 77370 86122
8 20378 21524 8356 32278
9 59690 83391 51671 2525
14 120005 85465 73158 127428
11 36443 40525 63580 1507
10 6897 25071 66976 24352
10 24136 47302 43945 62370
6 16579 46989 60004 16578
11 30069 62324 55693 46280
9 70555 44007 49936 51942
12 21132 43591 17926 114409
6 24051 2132 56989 43715
9 2551 57998 1302 61434
9 54984 1476 46497 8932
19 27479 100020 117828 184966
11 25772 27237 33942 41740
9 3514 23393 74989 7094
15 45084 112766 81273 66152
8 74335 53086 58550 41
14 120342 90870 100545 115519
4 4163 13144 16022 19516
7 50640 16820 51355 54117
9 70663 57140 5733 23176
6 32604 51150 53162 23768
8 16696 12784 65298 61338
12 96347 43305 83830 82504
9 39281 48224 72961 48867
