0 68
0 95
0 143
0 177
0 224
0 249
0 250
0 341
0 350
0 393
0 466
0 503
0 510
0 523
0 591
0 690
0 742
0 780
0 818
0 891
0 922
0 988
0 996
1 31
1 86
1 193
1 260
1 367
1 551
1 558
1 669
1 726
1 798
1 811
1 830
1 843
1 929
1 943
2 4
2 16
2 114
2 164
2 203
2 271
2 280
2 296
2 359
2 410
2 419
2 482
2 543
2 612
2 629
2 752
2 866
2 906
3 57
3 103
3 127
3 286
3 317
3 386
3 452
3 473
3 680
3 705
3 715
3 734
3 772
3 790
3 876
3 979
4 39
4 78
4 214
4 243
4 308
4 325
4 432
4 444
4 565
4 573
4 583
4 644
4 914
5 25
5 49
5 155
5 172
5 254
5 291
5 375
5 381
5 495
5 515
5 596
5 652
5 659
5 760
5 852
5 899
5 936
5 970
6 135
6 183
6 346
6 404
6 462
6 533
6 670
6 859
6 884
6 952
6 960
7 97
7 121
7 221
7 233
7 279
7 525
7 617
7 693
7 990
7 999
8 68
8 284
8 302
8 334
8 502
8 552
8 604
8 635
8 800
8 923
9 113
9 271
9 296
9 313
9 481
9 543
9 560
9 627
9 686
9 729
9 739
9 842
10 194
10 288
10 300
10 359
10 367
10 382
10 386
10 388
10 468
10 674
10 713
10 746
10 818
10 865
10 893
11 37
11 44
11 178
11 210
11 240
11 275
11 396
11 411
11 421
11 575
11 586
11 704
11 719
11 792
11 808
11 872
11 905
12 13
12 27
12 59
12 91
12 151
12 259
12 281
12 292
12 432
12 489
12 508
12 580
12 651
12 669
12 780
12 825
12 851
12 902
12 914
12 935
12 978
13 1
13 141
13 156
13 344
13 357
13 379
13 497
13 517
13 567
13 597
13 611
13 678
13 719
13 763
13 836
13 942
13 961
13 970
13 985
14 228
14 322
14 349
14 364
14 368
14 387
14 409
14 538
14 618
14 657
14 674
14 753
14 859
14 879
14 895
14 951
15 125
15 145
15 156
15 203
15 249
15 276
15 299
15 383
15 443
15 455
15 459
15 464
15 468
15 477
15 549
15 694
15 708
15 888
16 21
16 49
16 85
16 132
16 170
16 284
16 290
16 295
16 313
16 350
16 354
16 360
16 402
16 472
16 508
16 518
16 528
16 532
16 634
16 645
16 650
16 684
16 696
16 701
16 714
16 771
16 813
16 843
16 914
16 997
17 8
17 93
17 149
17 185
17 215
17 271
17 280
17 557
17 574
17 578
17 605
17 641
17 654
17 671
17 721
17 734
17 743
17 904
18 34
18 161
18 368
18 373
18 392
18 410
18 522
18 536
18 584
18 624
18 667
18 705
18 727
18 800
18 891
18 898
19 58
19 258
19 332
19 344
19 364
19 377
19 388
19 461
19 465
19 489
19 570
19 593
19 661
19 710
19 781
19 792
19 921
19 957
19 980
20 1
20 67
20 87
20 103
20 114
20 142
20 155
20 165
20 194
20 233
20 240
20 290
20 294
20 300
20 332
20 350
20 354
20 359
20 383
20 414
20 437
20 453
20 476
20 513
20 518
20 531
20 638
20 675
20 763
20 871
20 908
